20160907074058.80,25.1662,103.0943,22.5,1.0
ZSY,B16,2016-09-07T07:41:02.730000Z,2016-09-07T07:41:06.500000Z,387.38476435646686,1087.0,13.1
0.19 0.52
20161213074104.13,25.1882,103.1223,16.0,0.8
ZSY,B16,2016-12-13T07:41:06.920000Z,2016-12-13T07:41:11.140000Z,788.9820891965898,2619.3,18.8
0.29 0.65
20161215080302.22,25.1677,103.1078,21.6,1.0
ZSY,B16,2016-12-15T08:03:05.490000Z,2016-12-15T08:03:09.630000Z,575.4314497305852,339.5,22.8
0.02 0.39
20161216041025.88,24.9135,102.8273,20.2,0.5
ZSY,B16,2016-12-16T04:10:30.530000Z,2016-12-16T04:10:35.020000Z,107.26983516718799,80.4,3.6
-0.3 0.04
20161218074236.38,25.1733,103.1172,31.9,1.0
ZSY,B16,2016-12-18T07:42:40.150000Z,2016-12-18T07:42:44.360000Z,1146.4819372300492,441.3,35.7
0.04 0.41
20161228043442.60,24.9220,102.8302,5.2,0.4
ZSY,B16,2016-12-28T04:34:46.970000Z,2016-12-28T04:34:48.700000Z,57.46965292393839,55.0,20.0
0.16 0.4
20170105053701.48,25.2615,103.0867,15.7,1.0
ZSY,B16,2017-01-05T05:37:05.890000Z,2017-01-05T05:37:10.160000Z,808.4734130689475,474.2,46.7
0 0.35
20170116131854.14,25.1652,103.0875,8.0,1.8
ZSY,B16,2017-01-16T13:18:56.860000Z,2017-01-16T13:18:59.620000Z,9146.309631913442,87732.7,116.6
0.12 0.31
20170121102739.66,25.1857,103.0980,21.9,0.8
ZSY,B16,2017-01-21T10:27:43.420000Z,2017-01-21T10:27:47.670000Z,1035.2127143027406,1265.4,62.6
0.19 0.44
20170211061102.82,25.1563,103.0545,19.7,1.4
ZSY,B16,2017-02-11T06:11:06.040000Z,2017-02-11T06:11:09.500000Z,680.7986591304785,194.8,28.6
-0.16 0.05
20170215063011.11,25.2033,103.1068,21.8,0.6
ZSY,B16,2017-02-15T06:30:14.990000Z,2017-02-15T06:30:19.270000Z,771.9174832141514,771.3,27.1
0.01 0.35
20170325063304.87,25.1968,103.0952,22.5,0.9
ZSY,B16,2017-03-25T06:33:08.710000Z,2017-03-25T06:33:13.090000Z,617.1484331528704,558.5,36.5
0.2 0.45
20170327091931.40,24.6542,103.0480,28.4,0.7
ZSY,B16,2017-03-27T09:19:39.250000Z,2017-03-27T09:19:45.200000Z,102.41193125559198,224.8,14.4
0.11 0.3
20170329101714.22,25.1947,103.0892,22.0,0.8
ZSY,B16,2017-03-29T10:17:18.000000Z,2017-03-29T10:17:22.180000Z,825.5324775540208,2134.7,33.4
0.27 0.57
20170329113545.27,25.1028,103.0528,32.5,0.6
ZSY,B16,2017-03-29T11:35:50.420000Z,2017-03-29T11:35:54.510000Z,300.9901686484463,950.8,20.8
0.2 0.52
20170401054928.47,25.1550,103.0885,22.8,1.1
ZSY,B16,2017-04-01T05:49:32.580000Z,2017-04-01T05:49:36.150000Z,737.3421976626001,498.9,22.1
0.02 0.3
20170411062656.13,25.1923,103.1033,19.6,0.7
ZSY,B16,2017-04-11T06:26:59.930000Z,2017-04-11T06:27:03.770000Z,736.3534320716307,74.8,21.6
0.02 0.24
20170426045200.77,25.1548,103.1237,-0.6,0.9
ZSY,B16,2017-04-26T04:52:03.340000Z,2017-04-26T04:52:07.140000Z,1165.3682464601534,662.8,31.7
-0.09 0.19
20170510055156.40,25.2118,103.1125,17.6,0.7
ZSY,B16,2017-05-10T05:51:59.980000Z,2017-05-10T05:52:04.080000Z,430.9515179256025,203.7,28.3
-0.09 0.31
20170519071429.39,25.1558,103.0373,30.6,1.0
ZSY,B16,2017-05-19T07:14:34.450000Z,2017-05-19T07:14:38.900000Z,445.7965774336821,385.8,25.1
0.04 0.24
20170913104639.11,25.3638,103.2617,20.1,0.6
ZSY,B16,2017-09-13T10:46:46.790000Z,2017-09-13T10:46:52.310000Z,51.11728203132968,63.3,14.4
0.11 0.64
20171226070556.86,25.2030,103.1035,25.1,0.9
ZSY,B16,2017-12-26T07:06:01.110000Z,2017-12-26T07:06:05.670000Z,380.91461222177475,625.0,6.6
0 0.36
20180529154555.37,25.3823,103.2207,10.7,0.6
ZSY,B16_1,2018-05-29T15:46:02.420000Z,2018-05-29T15:46:08.450000Z,71.0590536416159,71.7,24.4
0.05 0.64
20180610041416.98,24.7853,103.0048,14.2,0.5
ZSY,B16_1,2018-06-10T04:14:22.160000Z,2018-06-10T04:14:26.250000Z,87.08448048867027,32.6,16.0
-0.26 0.27
20180804022642.51,25.1975,103.0920,18.8,0.8
ZSY,B16_1,2018-08-04T02:26:45.480000Z,2018-08-04T02:26:49.340000Z,420.98100934943926,247.2,19.5
0.24 0.58
20180923202816.32,25.2797,103.1260,15.6,1.7
ZSY,B16_1,2018-09-23T20:28:21.360000Z,2018-09-23T20:28:25.520000Z,1617.0994493363871,42929.6,49.2
0.1 0.45
20181208221756.92,24.6538,102.8033,12.5,1.3
ZSY,B16_1,2018-12-08T22:18:05.260000Z,2018-12-08T22:18:11.480000Z,115.89108773328395,83.5,10.9
0 0.4
20190107233029.78,25.1728,103.1352,7.8,0.6
ZSY,B16_1,2019-01-07T23:30:32.770000Z,2019-01-07T23:30:35.790000Z,74.00297807732795,304.0,16.6
0 0.22
