20160907070002.54,25.3727,103.0473,51.2,1.2
ZSY,B16,2016-09-07T07:00:11.460000Z,2016-09-07T07:00:15.050000Z,735.4068370398277,319.5,35.4
0.15 0.28 0.37
20160907070002.54,25.3727,103.0473,51.2,1.2
ZSY,B16,2016-09-07T07:41:02.730000Z,2016-09-07T07:41:06.500000Z,387.38476435646686,1087.0,13.1
0.26 0.58 0.79
20160907070002.54,25.3727,103.0473,51.2,1.2
ZSY,B16,2016-09-12T03:51:27.680000Z,2016-09-12T03:51:30.930000Z,340.57818460061924,486.9,18.8
0.11 0.42 0.61
20160907070002.54,25.3727,103.0473,51.2,1.2
ZSY,B16,2016-12-14T07:09:25.460000Z,2016-12-14T07:09:28.530000Z,363.93749001295726,343.1,39.1
-0.03 0.27 0.44
20160907070002.54,25.3727,103.0473,51.2,1.2
ZSY,B16,2016-12-15T08:03:05.490000Z,2016-12-15T08:03:09.630000Z,575.4314497305852,339.5,22.8
0.27 0.42 0.5
20160907070002.54,25.3727,103.0473,51.2,1.2
ZSY,B16,2016-12-16T04:10:30.530000Z,2016-12-16T04:10:35.020000Z,107.26983516718799,80.4,3.6
0.1 0.2 0.35
20160907070002.54,25.3727,103.0473,51.2,1.2
ZSY,B16,2016-12-18T07:42:40.150000Z,2016-12-18T07:42:44.360000Z,1146.4819372300492,441.3,35.7
0.1 0.41 0.57
20160907070002.54,25.3727,103.0473,51.2,1.2
ZSY,B16,2017-01-02T03:05:00.380000Z,2017-01-02T03:05:04.480000Z,494.5970581344667,140.7,30.8
0.25 0.57 0.66
20160907070002.54,25.3727,103.0473,51.2,1.2
ZSY,B16,2017-01-05T04:04:31.660000Z,2017-01-05T04:04:37.850000Z,178.88855702284573,69.8,4.0
0.1 0.59 0.75
20160907070002.54,25.3727,103.0473,51.2,1.2
ZSY,B16,2017-01-05T05:37:05.890000Z,2017-01-05T05:37:10.160000Z,808.4734130689475,474.2,46.7
0.15 0.43 0.57
20160907070002.54,25.3727,103.0473,51.2,1.2
ZSY,B16,2017-01-21T10:27:43.420000Z,2017-01-21T10:27:47.670000Z,1035.2127143027406,1265.4,62.6
0.05 0.46 0.67
20160907070002.54,25.3727,103.0473,51.2,1.2
ZSY,B16,2017-02-14T05:58:18.380000Z,2017-02-14T05:58:21.870000Z,619.5144025623491,134.1,20.8
0.09 0.19 0.29
20160907070002.54,25.3727,103.0473,51.2,1.2
ZSY,B16,2017-02-15T06:30:14.990000Z,2017-02-15T06:30:19.270000Z,771.9174832141514,771.3,27.1
0.15 0.43 0.58
20160907070002.54,25.3727,103.0473,51.2,1.2
ZSY,B16,2017-03-13T10:28:09.570000Z,2017-03-13T10:28:13.080000Z,221.03391999940658,170.6,18.4
0.23 0.46 0.73
20160907070002.54,25.3727,103.0473,51.2,1.2
ZSY,B16,2017-03-16T06:29:59.510000Z,2017-03-16T06:30:03.550000Z,641.2338308456148,69.8,57.2
-0.1 0.58 0.93
20160907070002.54,25.3727,103.0473,51.2,1.2
ZSY,B16,2017-03-25T19:46:25.940000Z,2017-03-25T19:46:31.140000Z,515.8042916082878,9788.0,24.8
0.09 0.25 0.36
20160907070002.54,25.3727,103.0473,51.2,1.2
ZSY,B16,2017-03-29T10:17:18.000000Z,2017-03-29T10:17:22.180000Z,825.5324775540208,2134.7,33.4
0.28 0.62 0.79
20160907070002.54,25.3727,103.0473,51.2,1.2
ZSY,B16,2017-03-29T11:35:50.420000Z,2017-03-29T11:35:54.510000Z,300.9901686484463,950.8,20.8
0.37 0.69 0.78
20160907070002.54,25.3727,103.0473,51.2,1.2
ZSY,B16,2017-04-01T05:49:32.580000Z,2017-04-01T05:49:36.150000Z,737.3421976626001,498.9,22.1
0.09 0.44 0.53
20160907070002.54,25.3727,103.0473,51.2,1.2
ZSY,B16,2017-04-20T11:57:49.030000Z,2017-04-20T11:57:52.140000Z,118.35589258538816,26.5,25.1
0.53 0.82 0.9
20160907070002.54,25.3727,103.0473,51.2,1.2
ZSY,B16,2017-04-22T09:05:42.170000Z,2017-04-22T09:05:45.020000Z,709.9392172106295,129.2,17.0
0.14 0.35 0.49
20160907070002.54,25.3727,103.0473,51.2,1.2
ZSY,B16,2017-04-25T12:04:59.550000Z,2017-04-25T12:05:02.660000Z,504.9075293161132,401.3,30.5
0.26 0.41 0.76
20160907070002.54,25.3727,103.0473,51.2,1.2
ZSY,B16,2017-04-25T12:18:07.770000Z,2017-04-25T12:18:10.780000Z,305.6142981144871,4600.9,24.0
0.13 0.31 0.45
20160907070002.54,25.3727,103.0473,51.2,1.2
ZSY,B16,2017-04-29T06:09:19.750000Z,2017-04-29T06:09:24.080000Z,815.7530128033035,128.1,39.3
0.28 0.59 0.84
20160907070002.54,25.3727,103.0473,51.2,1.2
ZSY,B16,2017-05-04T07:00:11.160000Z,2017-05-04T07:00:15.480000Z,419.6986523772323,69.3,21.2
-0.12 0.57 0.79
20160907070002.54,25.3727,103.0473,51.2,1.2
ZSY,B16,2017-05-06T10:04:18.110000Z,2017-05-06T10:04:21.320000Z,657.0840272930129,1161.4,3.4
0.3 0.49 0.57
20160907070002.54,25.3727,103.0473,51.2,1.2
ZSY,B16,2017-05-19T07:14:34.450000Z,2017-05-19T07:14:38.900000Z,445.7965774336821,385.8,25.1
0.16 0.49 0.58
20160907070002.54,25.3727,103.0473,51.2,1.2
ZSY,B16,2017-05-19T10:49:41.100000Z,2017-05-19T10:49:44.330000Z,331.514951964279,68.6,11.5
0.4 0.85 1.21
20160907070002.54,25.3727,103.0473,51.2,1.2
ZSY,B16,2017-06-02T03:00:38.580000Z,2017-06-02T03:00:42.930000Z,510.4739959117368,257.0,22.7
0.3 0.48 0.61
20160907070002.54,25.3727,103.0473,51.2,1.2
ZSY,B16,2017-07-06T10:40:10.410000Z,2017-07-06T10:40:14.140000Z,165.00237551105596,288.7,28.2
0.11 0.63 1.03
20160907070002.54,25.3727,103.0473,51.2,1.2
ZSY,B16,2017-08-08T12:51:35.110000Z,2017-08-08T12:51:38.520000Z,192.5542333076833,837.5,13.8
0.12 0.52 0.72
20160907070002.54,25.3727,103.0473,51.2,1.2
ZSY,B16,2017-08-09T04:06:46.980000Z,2017-08-09T04:06:48.930000Z,360.4693348411619,4183.1,41.9
0.2 0.56 0.84
20160907070002.54,25.3727,103.0473,51.2,1.2
ZSY,B16,2017-08-09T11:10:53.850000Z,2017-08-09T11:10:55.650000Z,133.41550217320898,1718.9,58.2
0.17 0.43 0.86
20160907070002.54,25.3727,103.0473,51.2,1.2
ZSY,B16,2017-09-03T22:40:23.270000Z,2017-09-03T22:40:26.180000Z,208.17492721323157,286.2,19.3
-0.02 0.33 0.55
20160907070002.54,25.3727,103.0473,51.2,1.2
ZSY,B16,2017-09-11T17:34:18.160000Z,2017-09-11T17:34:23.230000Z,88.75746018727146,421.7,7.4
-0.42 0.34 0.48
20160907070002.54,25.3727,103.0473,51.2,1.2
ZSY,B16,2017-09-14T08:23:27.720000Z,2017-09-14T08:23:31.470000Z,19.548286185032207,19.3,0.8
0.42 0.62 0.72
20160907070002.54,25.3727,103.0473,51.2,1.2
ZSY,B16,2017-11-25T04:45:42.290000Z,2017-11-25T04:45:45.070000Z,116.30487224083873,142.5,3.3
0.2 0.74 0.93
20160907070002.54,25.3727,103.0473,51.2,1.2
ZSY,B16,2017-11-29T05:16:35.360000Z,2017-11-29T05:16:39.120000Z,312.6559802034006,77.2,5.5
-0.12 0.54 0.62
20160907070002.54,25.3727,103.0473,51.2,1.2
ZSY,B16,2017-12-07T10:41:58.630000Z,2017-12-07T10:42:03.790000Z,23.053336978806513,15.7,4.4
0.67 0.84 1.02
20160907070002.54,25.3727,103.0473,51.2,1.2
ZSY,B16,2017-12-20T04:27:46.200000Z,2017-12-20T04:27:49.170000Z,67.67290058588716,17.2,9.8
0.52 0.97 1.34
20160907070002.54,25.3727,103.0473,51.2,1.2
ZSY,B16,2017-12-26T07:06:01.110000Z,2017-12-26T07:06:05.670000Z,380.91461222177475,625.0,6.6
0.18 0.5 0.72
20160907070002.54,25.3727,103.0473,51.2,1.2
ZSY,B16,2018-01-03T19:25:56.810000Z,2018-01-03T19:26:04.260000Z,92.4644422493229,231.1,12.5
0.21 0.62 0.89
20160907070002.54,25.3727,103.0473,51.2,1.2
ZSY,B16,2018-01-14T08:12:13.470000Z,2018-01-14T08:12:17.590000Z,544.787462648241,377.3,11.5
0.22 0.49 0.58
20160907070002.54,25.3727,103.0473,51.2,1.2
ZSY,B16,2018-01-20T06:13:28.320000Z,2018-01-20T06:13:33.250000Z,294.39467099188215,206.2,4.8
0.25 0.51 0.75
20160907070002.54,25.3727,103.0473,51.2,1.2
ZSY,B16,2018-02-11T06:34:28.980000Z,2018-02-11T06:34:33.010000Z,765.1316620087362,649.9,30.7
0.34 0.64 0.77
20160907070002.54,25.3727,103.0473,51.2,1.2
ZSY,B16,2018-02-11T06:18:24.200000Z,2018-02-11T06:18:29.260000Z,257.87966805105134,106.8,16.6
0.14 0.49 0.71
20160907070002.54,25.3727,103.0473,51.2,1.2
ZSY,B16,2018-02-20T14:10:35.230000Z,2018-02-20T14:10:40.080000Z,545.8369751359701,224.5,10.9
0.3 0.73 0.91
20160907070002.54,25.3727,103.0473,51.2,1.2
ZSY,B16,2018-02-26T19:02:07.030000Z,2018-02-26T19:02:11.560000Z,22.99072079828176,27.2,3.8
0.09 0.33 0.74
20160907070002.54,25.3727,103.0473,51.2,1.2
ZSY,B16,2018-03-01T09:38:35.060000Z,2018-03-01T09:38:39.550000Z,425.1318436771446,231.9,13.2
0.25 0.56 0.86
20160907070002.54,25.3727,103.0473,51.2,1.2
ZSY,B16,2018-03-13T06:20:11.000000Z,2018-03-13T06:20:12.610000Z,383.380349679197,599.0,77.9
0.0 0.21 0.28
